AS Number, Local Preference, AS_Path Length, Origin, MED


(40000,133,1,e,3
, 65000,133,1,e,3
)

(40000,133,1,i,3
, 40000,133,1,e,3
)

(65000,133,1,e,3
, 40000,133,1,e,3
)

(40000,133,1,e,3
, 40000,133,1,i,3
)

(40000,133,1,e,3
, 40000,133,1,e,3
)

(40000,135,1,e,3
, 65000,134,1,e,3
)

(40000,135,1,e,3
, 65000,262,1,e,3
)

(40000,101,1,e,3
, 65000,101,2,e,3
)

(40000,101,3,e,3
, 65000,101,2,e,3
)

(65000,101,1,i,3
, 65000,101,1,e,3
)

(40000,101,1,e,3
, 65000,101,1,e,7
)

(40000,101,1,e,7
, 65000,101,1,e,3
)

(40000,133,1,i,3
, 40000,133,1,i,3
)

(40000,133,1,i,3
, 65000,133,1,e,3
)

(40000,135,1,i,3
, 40000,134,1,e,3
)

(40000,135,1,i,3
, 40000,262,1,e,3
)

(40000,101,1,i,3
, 40000,101,2,e,3
)

(40000,101,3,i,3
, 40000,101,2,e,3
)

(40000,101,1,i,3
, 65000,101,1,i,3
)

(65000,133,1,e,3
, 40000,133,1,i,3
)

(65000,133,1,e,3
, 65000,133,1,e,3
)

(65000,135,1,e,3
, 40000,134,1,e,3
)

(65000,135,1,e,3
, 40000,262,1,e,3
)

(65000,101,1,e,3
, 40000,101,2,e,3
)

(65000,101,3,e,3
, 40000,101,2,e,3
)

(65000,101,1,e,3
, 65000,101,1,i,3
)

(65000,101,1,e,3
, 40000,101,1,e,7
)

(65000,101,1,e,7
, 40000,101,1,e,3
)

(40000,135,1,e,3
, 40000,134,1,i,3
)

(40000,135,1,e,3
, 40000,262,1,i,3
)

(40000,101,1,e,3
, 40000,101,2,i,3
)

(40000,101,3,e,3
, 40000,101,2,i,3
)

(65000,101,1,i,3
, 40000,101,1,i,3
)

(40000,135,1,e,3
, 40000,134,1,e,3
)

(40000,135,1,e,3
, 40000,262,1,e,3
)

(40000,101,1,e,3
, 40000,101,2,e,3
)

(40000,101,3,e,3
, 40000,101,2,e,3
)

(65000,101,1,i,3
, 40000,101,1,e,3
)

(40000,101,1,e,3
, 65000,101,1,i,3
)

(40000,101,1,e,3
, 40000,101,1,e,7
)

(40000,101,1,e,7
, 40000,101,1,e,3
)

(40000,135,1,i,3
, 40000,134,1,i,3
)

(40000,135,1,i,3
, 40000,262,1,i,3
)

(40000,101,1,i,3
, 40000,101,2,i,3
)

(40000,101,3,i,3
, 40000,101,2,i,3
)

(40000,101,1,i,3
, 40000,101,1,i,7
)

(40000,101,1,i,7
, 40000,101,1,i,3
)

(40000,135,1,i,3
, 65000,134,1,e,3
)

(40000,135,1,i,3
, 65000,262,1,e,3
)

(40000,101,1,i,3
, 65000,101,2,e,3
)

(40000,101,3,i,3
, 65000,101,2,e,3
)

(40000,101,1,i,3
, 65000,101,1,i,7
)

(40000,101,1,i,7
, 65000,101,1,i,3
)

(65000,135,1,e,3
, 40000,134,1,i,3
)

(65000,135,1,e,3
, 40000,262,1,i,3
)

(65000,101,1,e,3
, 40000,101,2,i,3
)

(65000,101,3,e,3
, 40000,101,2,i,3
)

(65000,135,1,e,3
, 65000,134,1,e,3
)

(65000,135,1,e,3
, 65000,262,1,e,3
)

(65000,101,1,e,3
, 65000,101,2,e,3
)

(65000,101,3,e,3
, 65000,101,2,e,3
)

(65000,101,1,e,3
, 65000,101,1,e,7
)

(65000,101,1,e,7
, 65000,101,1,e,3
)

(65000,101,1,i,3
, 40000,101,1,i,7
)

(65000,101,1,i,7
, 40000,101,1,i,3
)

Total number of test cases generated: 65
