AS Number, Local Preference, AS_Path Length, Origin, MED


(40000,133,1,?,3
, 40000,133,1,?,3
)

(65000,133,1,?,3
, 40000,133,1,?,3
)

(40000,133,1,?,3
, 65000,133,1,?,3
)

(40000,135,1,?,3
, 40000,134,1,?,3
)

(40000,135,1,?,3
, 40000,262,1,?,3
)

(40000,101,1,?,3
, 40000,101,2,?,3
)

(40000,101,3,?,3
, 40000,101,2,?,3
)

(40000,101,1,e,3
, 40000,101,1,?,3
)

(40000,101,1,e,3
, 40000,101,1,i,3
)

(40000,101,1,?,3
, 40000,101,1,?,7
)

(40000,101,1,?,7
, 40000,101,1,?,3
)

(65000,133,1,?,3
, 65000,133,1,?,3
)

(65000,135,1,?,3
, 40000,134,1,?,3
)

(65000,135,1,?,3
, 40000,262,1,?,3
)

(65000,101,1,?,3
, 40000,101,2,?,3
)

(65000,101,3,?,3
, 40000,101,2,?,3
)

(65000,101,1,e,3
, 40000,101,1,?,3
)

(65000,101,1,e,3
, 40000,101,1,i,3
)

(65000,101,1,?,3
, 40000,101,1,?,7
)

(65000,101,1,?,7
, 40000,101,1,?,3
)

(40000,135,1,?,3
, 65000,134,1,?,3
)

(40000,135,1,?,3
, 65000,262,1,?,3
)

(40000,101,1,?,3
, 65000,101,2,?,3
)

(40000,101,3,?,3
, 65000,101,2,?,3
)

(40000,101,1,e,3
, 65000,101,1,?,3
)

(40000,101,1,e,3
, 65000,101,1,i,3
)

(40000,101,1,?,3
, 65000,101,1,?,7
)

(40000,101,1,?,7
, 65000,101,1,?,3
)

(65000,135,1,?,3
, 65000,134,1,?,3
)

(65000,135,1,?,3
, 65000,262,1,?,3
)

(65000,101,1,?,3
, 65000,101,2,?,3
)

(65000,133,3,?,3
, 65000,133,2,?,3
)

(65000,101,1,e,3
, 65000,101,1,?,3
)

(65000,101,1,e,3
, 65000,101,1,i,3
)

(65000,101,1,?,3
, 65000,101,1,?,7
)

(65000,101,1,?,7
, 65000,101,1,?,3
)

Total number of test cases generated: 36
