AS Number, Local Preference, AS_Path Length, Origin, MED


(55000,400,2,?,3
, 45000,300,7,?,3
)

(40000,101,1,?,3
, 65000,101,2,?,3
)

(40000,101,3,e,3
, 65000,101,2,i,3
)

(40000,101,3,i,3
, 65000,101,2,e,3
)

(40000,101,1,e,3
, 65000,101,2,i,3
)

(40000,101,1,i,3
, 65000,101,2,e,3
)

(40000,101,1,e,3
, 65000,101,2,e,3
)

(40000,101,3,e,3
, 65000,101,2,e,3
)

(40000,101,1,i,3
, 65000,101,2,i,3
)

(40000,101,3,i,3
, 65000,101,2,i,3
)

(40000,101,3,?,3
, 65000,101,2,i,3
)

(40000,101,3,?,3
, 65000,101,2,e,3
)

(40000,101,1,e,3
, 65000,101,2,?,3
)

(40000,101,1,i,3
, 65000,101,2,?,3
)

(40000,101,3,e,3
, 65000,101,2,?,3
)

(40000,101,3,i,3
, 65000,101,2,?,3
)

(40000,101,1,?,3
, 65000,101,2,i,3
)

(40000,101,1,?,3
, 65000,101,2,e,3
)

Total number of test cases generated: ...
