1291
5357
54
4451
6400
6918
4535
6564
4949
1505
3928
1979
4699
3554
1461
3430
3963
6683
1932
2745
5488
3807
5990
2621
1856
5640
6837
1786
4866
371
6953
5724
2895
215
4902
5979
5505
3492
150
5461
4597
2400
2564
398
2918
5786
3611
1640
2837
3775
6895
2953
1724
5932
1488
6745
4714
2683
6621
5856
1990
4670
5176
7127
447
4248
3185
5012
523
7043
6219
1278
3229
2073
2117
4080
1233
2038
3262
1357
3306
5291
4367
870
6336
2394
5059
914
4203
6252
568
7008
3536
1567
190
3452
2608
1403
358
6462
4433
5669
6506
4557
36
4804
6429
2993
313
5622
4478
6855
277
1680
4960
6931
5746
1950
2727
5896
3901
2643
3419
1834
3865
6785
1448
1114
7083
3145
4288
487
1070
3021
4040
6011
4124
6175
5251
1397
760
7200
5335
604
6292
5099
2354
2230
4186
2011
2175
789
425
7145
859
5114
3083
7021
541
5070
6354
1099
4305
2292
812
6230
976
4261
5397
3200
1251
3364
1335
94
1669
4989
3638
2462
2506
4491
5567
3594
4659
5403
132
6608
1896
4776
5950
6727
5448
2785
4612
6643
5834
179
1622
2855
2429
3673
6993
2931
1746
3717
5680
3355
4098
1304
7293
3231
697
1260
6201
4250
947
6365
823
4334
1187
570
7010
5041
7174
414
868
5125
5289
2144
6082
2020
1777
4897
380
2900
3726
2864
1613
3642
2418
4623
5479
5805
148
3992
6672
4747
6716
5961
5432
1988
4668
6639
103
5556
1490
2537
6595
1658
2453
3609
3428
1805
2672
3854
1479
2716
1961
4681
3930
4951
246
5777
6900
322
4835
6418
3784
4449
6864
5613
6537
4566
6453
369
5658
2595
4402
2639
3463
1432
5988
3507
5490
1556
4396
881
2201
599
2365
5304
3293
635
5260
7231
751
4115
2082
6144
1289
4071
6020
1041
5187
3010
1125
3174
1139
3168
2332
6390
2256
5237
706
7266
4109
5353
7302
662
6158
1295
4026
6077
5318
4142
6113
629
1172
585
2379
3123
7181
1016
3047
1936
2741
6687
3967
2625
1852
3803
5994
4862
1782
375
5644
2589
6833
211
2891
4906
6957
5720
6404
4829
6878
3798
4455
6560
4531
3550
1501
1819
3434
1465
3848
50
6589
1644
2833
5782
3615
2957
1720
6891
3771
4710
2687
5936
6741
4674
1994
6625
5852
5501
3496
5465
154
5819
2878
4593
2404
2560
3266
1237
3302
5295
2158
1353
408
7168
6332
4363
5139
874
6256
910
2390
4207
6379
443
7123
5172
4328
7047
527
3181
5016
2077
2113
3349
4084
1318
6497
2551
2849
2435
5454
2799
1592
165
5828
5530
88
3588
4645
5863
6614
4721
6770
3890
5907
1711
2966
3740
2802
282
4995
1675
3624
3378
2122
1329
2046
6180
516
7076
5027
7112
472
6348
1085
4319
5143
6267
4236
921
6303
7159
439
5108
845
4352
2169
3333
1362
795
3257
1206
1027
3076
1143
3112
5085
2348
4173
5329
618
6122
2180
4017
6046
5362
4138
6169
653
3391
5206
7257
737
2267
1108
2303
983
3159
4294
5592
1828
3405
6799
1454
3879
3561
1530
6551
4500
2497
6435
4818
6849
4464
61
4937
220
5711
6966
3686
344
4853
6802
5675
4783
1863
2614
3832
2770
1907
3956
908
2388
5045
1183
7014
574
5121
410
7170
6086
2140
2024
1300
7297
3351
693
1264
3235
4254
3199
943
6205
827
4330
6361
107
5436
1494
6759
4708
5552
6889
3769
2533
1738
2457
6591
2578
3722
4893
1773
2904
384
3646
2860
1617
5801
6676
3996
4627
6712
5965
5519
4743
4562
5738
209
2889
6533
2591
4406
6457
1436
3467
1552
3503
2759
5494
48
3850
1801
2676
3934
1519
2712
4685
3548
1965
5773
4529
6904
4955
6578
242
6860
3780
5617
326
4831
6140
4111
2086
6024
4075
5183
3014
1045
6388
3170
1121
4392
2205
885
7199
2361
631
5300
3297
755
7235
5264
79
5626
6851
4800
317
2997
4518
6935
5742
273
4964
1684
6549
5892
3905
1528
3579
1954
2723
6781
3861
2647
1830
32
1563
194
2768
3532
1407
3456
4437
6466
5709
4553
6502
238
1393
7204
764
2198
5255
600
5331
2350
6296
2234
3141
1110
7087
3025
483
1074
6015
4044
3389
6171
4120
4301
816
2296
6350
972
4265
6234
1255
6198
5393
3204
1331
3360
4182
2015
2171
5110
3087
7141
421
939
5074
545
7025
5954
6723
4772
1892
5528
6647
5830
2781
4616
6997
3677
1626
2851
3713
2549
5684
2935
1742
2466
2502
4495
3758
1709
6768
3888
5563
4739
136
3590
5407
90
4167
6136
4003
2194
5259
7208
768
6052
1033
3062
2238
1157
5091
3106
1078
2273
3029
4280
2317
997
5376
647
5212
4048
3385
6019
7243
723
4968
1688
6545
2483
4514
6939
6421
4470
3411
5586
1440
3575
1958
3909
1524
75
2600
4797
1877
3826
1913
2764
198
3942
234
4923
6972
3692
5705
4847
350
5661
6816
5440
171
1586
5524
5958
6483
2939
2545
5688
2421
2972
1705
4499
3754
4981
1661
2816
296
3630
4651
6600
5877
4735
5913
6764
3884
502
7062
6238
4269
5033
1091
7106
466
5157
2136
3208
2052
1259
6194
3327
781
1376
2019
3243
1212
6273
549
7029
935
5078
4222
6317
4346
851
2693
4704
1498
6755
5922
4660
1980
5846
6631
2827
1650
3601
5796
1734
2943
6885
3765
2410
4587
2908
388
2574
3482
5515
5969
5471
140
6326
860
4377
7018
578
6242
4213
904
2384
5049
3272
2028
1223
5281
3316
1347
2063
3239
1268
4090
2107
457
7137
5166
6209
7053
533
5002
4258
3195
4079
5223
712
7272
6028
5347
1281
676
2326
1049
6384
3018
2242
591
1166
3137
1002
7195
2209
889
3053
5268
4032
6063
759
7239
4156
6107
361
4876
1796
6827
5650
4912
205
2885
5734
6943
2755
5498
1922
6693
3973
1846
2631
5980
3817
4689
3544
1969
3938
1515
3420
1471
6410
4441
4959
6574
4525
6908
44
1241
3210
5387
1325
3374
802
2282
4315
6344
1089
4271
966
6220
3093
5104
849
7155
435
5060
551
7031
2001
4196
799
2165
6983
3663
2439
2845
1632
5690
3707
1756
2921
6737
5940
4766
1886
169
5824
6653
4602
5458
2795
5577
6618
122
5413
3584
4649
2472
3628
4999
1679
4481
2516
84
3911
5886
2737
1940
6795
1458
3875
1824
3409
2653
6845
4468
5632
303
1
2983
6439
4814
5756
6921
4970
1690
267
26
5679
4423
6472
348
4547
6516
180
1577
3526
1413
2618
3442
5089
2344
6282
2220
7210
770
1387
5241
614
5325
6001
4050
6165
4134
3155
4298
7093
1104
3031
1060
497
17
5998
1422
3473
2629
1546
5480
3517
4576
6527
4412
5648
2585
379
6443
6910
5767
256
4941
5603
6874
3794
4459
6408
4825
332
1469
3844
2662
1815
3438
3920
4691
1971
2706
3000
5197
1051
3164
1135
6154
1299
2092
4105
6030
4061
625
3283
5314
741
7221
5270
2211
891
4386
2375
589
6092
5299
2154
2030
5051
7000
560
1197
5135
878
404
7164
957
4240
6211
4324
833
6375
7283
1314
3345
4088
1270
687
3221
2527
3619
2443
6585
1648
113
6629
4678
1998
5422
1480
5546
6662
3982
158
5815
5469
4633
5971
6706
4757
3736
2910
390
4887
1767
2408
3652
1603
2874
2414
4583
2868
2570
3486
5511
5809
144
5475
6751
5926
2697
4700
5842
6635
1984
4664
3605
5792
2823
6599
1654
3761
6881
1730
2947
2067
1308
3359
4094
2103
4338
5162
7133
453
6369
5006
3191
537
7057
864
5129
4373
6322
7178
418
4217
2380
900
6246
1227
3276
1343
5285
2148
3312
3133
2369
595
1162
3057
1006
7191
6067
4036
639
6103
4152
5308
7276
716
5227
6148
1285
672
5343
4119
2322
3178
1129
2246
6380
40
1511
3540
3858
1475
3424
1809
3788
4445
6868
4839
6414
4521
6570
6823
5654
2599
365
1792
4872
5730
6947
4916
2881
201
3977
6697
2751
1926
5984
3813
1842
2635
2277
3149
4284
993
2313
1118
643
6179
4128
5372
727
7247
5216
3381
6132
608
5339
4163
6056
4007
2190
3066
1037
5095
2358
3102
1153
3822
2604
1873
4793
3946
1917
2760
3696
6976
5701
230
4927
5665
6812
4843
354
71
2487
4510
6541
4474
6859
4808
6425
3869
6789
1444
3415
1838
5582
1520
3571
3750
2976
1701
3634
1665
4985
292
2812
6604
5873
3598
4655
5917
3880
6760
4731
98
5838
175
1582
5444
2789
5520
2541
6487
2425
2859
785
1372
3323
2179
1216
3247
931
4226
6277
4342
855
5118
429
7149
6313
5037
7066
506
5153
4309
6358
1095
462
7102
1339
2132
3368
6190
2056
252
6568
4945
6914
4539
5763
4821
336
5607
3790
6870
2666
1811
3840
1975
4695
3558
2702
1509
3924
58
3477
1426
2749
5484
3513
1542
6523
2899
219
5728
4572
6447
4416
2581
13
3287
5310
621
5274
7225
745
7189
895
2215
4382
2371
1055
6398
3004
5193
1131
3160
2096
4101
6150
4065
6034
6215
953
4244
3189
6371
4320
837
3341
7287
1310
3225
1274
683
2150
6096
2034
564
7004
1193
2398
5055
918
7160
400
5131
4637
3986
6666
5811
4753
5509
5975
6702
394
2914
1763
4883
3732
2568
1607
2870
3656
1728
2523
3779
6899
6581
2447
5426
117
5542
4718
1484
6749
431
7151
3097
5100
7035
555
5064
929
2005
4192
2161
3214
5383
1245
6188
3370
1321
6340
2286
806
4311
6224
4275
962
80
4729
5573
3898
6778
5417
3580
126
2476
1719
4485
3748
2512
2841
1636
3667
6987
1752
2925
2559
5694
3703
5538
1882
4762
6733
5944
4606
2791
5820
6657
6476
4427
228
6512
4543
5719
3522
2778
184
1573
3446
1417
22
2733
1944
3569
1538
3915
5882
1820
2657
3871
6791
2987
5
307
4810
6841
5636
1694
6559
4974
263
5752
6925
4508
69
4054
3399
6005
4130
6161
7097
1100
3151
1064
493
3035
6286
2340
2224
2188
5245
774
7214
1383
5321
610
4796
1876
2601
3827
2765
1912
3943
199
4922
235
5704
6973
3693
351
4846
6817
5660
4969
6544
1689
4515
6938
2482
6420
4471
5587
3410
1441
3574
1959
3908
1525
74
1079
3028
2272
2316
996
4281
5377
646
3384
4049
5213
7242
722
6018
4166
6137
5258
2195
4002
6053
7209
769
1032
2239
3063
1156
3107
5090
3326
1377
780
3242
2018
1213
548
7028
6272
4223
934
5079
6316
850
4347
6239
503
7063
5032
4268
7107
467
1090
5156
2137
2053
3209
6195
1258
1704
2973
3755
4498
2817
297
4980
1660
3631
4650
5876
6601
4734
6765
3885
5912
5441
1587
170
5525
5959
2938
6482
5689
2544
2420
3238
2062
1269
2106
4091
456
7136
5167
7052
532
6208
3194
4259
5003
6327
4376
861
6243
7019
579
905
5048
2385
4212
2029
3273
1222
3317
5280
1346
4586
2411
2909
389
2575
5514
3483
5968
5470
141
4705
2692
5923
6754
1499
4661
1981
6630
5847
1651
2826
5797
3600
2942
1735
6884
3764
3545
4688
1968
3939
1514
3421
1470
6411
4440
4958
6575
4524
6909
45
4877
1797
360
5651
6826
204
2884
4913
6942
5735
1923
5499
2754
6692
3972
2630
1847
3816
5981
1167
590
3136
7194
1003
3052
2208
888
4033
5269
758
7238
6062
4157
6106
5222
4078
6029
713
7273
5346
677
1280
2327
6385
1048
2243
3019
5576
123
6619
4648
3585
5412
3629
2473
4998
1678
2517
4480
85
2438
6982
3662
1633
2844
3706
5691
2920
1757
5941
6736
4767
1887
6652
168
5825
2794
5459
4603
5105
848
3092
7154
434
5061
550
7030
4197
2000
798
2164
1240
5386
3211
1324
3375
4314
803
2283
1088
6345
967
4270
6221
6000
4051
6164
4135
4299
3154
1105
7092
3030
496
1061
2345
5088
6283
2221
1386
7211
771
5240
615
5324
27
4422
5678
349
6473
4546
6517
1576
181
3527
1412
3443
2619
5887
3910
1941
2736
1459
6794
3874
2652
1825
3408
5633
6844
4469
6438
4815
302
0
2982
6920
5757
266
4971
1691
624
5315
3282
740
7220
5271
4387
2210
890
2374
588
5196
3001
1050
3165
1134
1298
6155
4104
2093
6031
4060
5766
6911
4940
257
6875
4458
3795
5602
333
6409
4824
1468
3845
1814
3439
2663
3921
2707
4690
1970
16
1423
5999
2628
3472
1547
3516
5481
4577
6526
2584
5649
4413
6442
378
159
5814
6663
3983
4632
5468
6707
5970
4756
3737
4886
1766
2911
391
3653
2409
2875
1602
2526
2442
3618
1649
6584
6628
112
5423
4679
1999
1481
5547
4241
956
6210
832
4325
6374
1315
7282
4089
3344
686
1271
3220
6093
2155
5298
2031
5050
1196
7001
561
5134
879
405
7165
4372
865
5128
7179
419
6323
2381
901
4216
6247
1226
3277
1342
3313
2149
5284
2066
1309
2102
4095
3358
5163
4339
6368
7132
452
3190
5007
536
7056
5927
6750
4701
2696
6634
5843
1985
4665
5793
3604
1655
6598
2822
3760
6880
2946
1731
4582
2415
2869
2571
5510
3487
5808
145
5474
2598
5655
6822
1793
4873
364
6946
5731
2880
200
4917
3976
6696
1927
2750
3812
5985
2634
1843
41
1510
3541
3859
1474
3425
1808
4444
3789
6869
4838
6415
4520
6571
7277
717
5226
673
1284
6149
4118
5342
3179
2323
1128
2247
6381
2368
3132
1163
594
3056
7190
1007
6066
4037
6102
638
5309
4153
70
4511
2486
6540
4475
6858
4809
6424
3868
1445
6788
5583
3414
1839
1521
3570
3823
1872
4792
2605
3947
2761
1916
5700
3697
6977
4926
231
6813
5664
355
4842
609
6133
4162
5338
6057
2191
4006
3067
1036
3103
2359
5094
1152
2276
992
2312
4285
3148
1119
6178
642
5373
4129
726
7246
3380
5217
5036
7067
507
4308
5152
463
7103
1094
6359
1338
3369
2133
6191
2057
1373
784
2178
3322
1217
3246
4227
930
6276
854
5119
4343
6312
428
7148
1583
5839
174
2788
5445
5521
2540
6486
2424
2858
3751
1700
2977
3635
293
2813
1664
4984
5872
6605
4654
3599
3881
6761
5916
4730
99
6399
1054
5192
3005
1130
3161
4100
2097
6151
4064
6035
5311
3286
620
5275
7224
744
7188
4383
894
2214
2370
3476
1427
3512
5485
2748
1543
2898
218
6522
4573
5729
6446
2580
4417
12
6569
4944
253
5762
6915
4538
337
4820
3791
6871
5606
1810
2667
3841
2703
1974
3559
4694
1508
3925
59
1729
3778
6898
2522
6580
2446
5427
116
4719
5543
6748
1485
4636
5810
3987
6667
5508
4752
6703
5974
1762
4882
395
2915
2569
3733
2871
1606
3657
2151
6097
2035
1192
565
7005
5054
2399
919
7161
401
5130
6214
3188
4245
952
6370
836
4321
3340
1311
7286
3224
682
1275
1637
2840
3666
6986
2924
1753
3702
5695
2558
1883
4763
5539
5945
6732
2790
4607
6656
5821
81
5572
4728
3899
6779
3581
5416
127
2477
1718
2513
3749
4484
5382
3215
6189
1244
3371
1320
6341
4310
2287
807
6225
963
4274
430
7150
5101
3096
7034
554
5065
928
4193
2004
2160
6287
2341
2225
5244
2189
1382
775
7215
5320
611
3398
4055
6004
4131
6160
1101
7096
3150
492
1065
3034
1945
3568
2732
5883
1539
3914
2656
1821
3870
6790
4811
2986
4
306
5637
6840
262
6558
1695
4975
6924
4509
5753
68
6477
4426
6513
229
5718
4542
2779
3523
1572
185
3447
1416
23
2127
6185
1248
3219
2043
4278
5022
7073
513
6229
5146
1080
477
7117
5069
924
4233
6262
7038
558
4357
840
6306
790
1367
3336
1203
2008
3252
5699
2554
6492
2928
2430
160
1597
5451
5949
5535
6611
5866
4640
5902
3895
6775
4724
3745
4488
2963
1714
3621
1670
4990
287
2807
64
1451
3400
5597
1535
3918
1949
3564
2492
6928
4505
6554
1699
4979
4461
8
6430
3683
6963
5714
225
4932
5670
6807
4856
341
3837
2611
1866
4786
189
3953
1902
2775
3073
2229
1022
5080
3117
1146
6127
4176
779
7219
6043
4012
5248
2185
656
5367
6008
732
7252
5203
3394
4059
2262
3038
1069
4291
986
2306
3962
6682
5489
2744
1933
5991
3806
1857
2620
6836
5641
370
1787
4867
5725
6952
4903
2894
214
55
4450
6401
6919
4534
6565
4948
1504
3929
1978
3555
4698
1460
3431
2337
3009
2253
6395
1058
7263
703
6039
4068
5232
1290
667
7307
5356
6072
7228
748
5279
4023
6116
4147
3126
580
1177
898
2218
3042
1013
7184
1232
3263
2039
1356
5290
3307
871
4366
6337
4202
5058
2395
915
569
7009
6253
5177
7126
446
5013
3184
4249
6218
522
7042
1279
2072
3228
4081
2116
3610
5787
2836
1641
3774
6894
1725
2952
6744
1489
5933
2682
4715
5857
6620
1991
4671
5978
3493
5504
151
5460
2401
4596
2565
399
2919
5250
761
7201
1396
5334
605
6293
2355
5098
2231
7082
1115
4289
3144
1071
486
3020
4041
6010
4125
6174
2992
312
4805
6428
4479
6854
5623
1681
4961
276
5747
6930
2726
1951
3900
5897
3418
1835
2642
3864
1449
6784
3537
191
1566
2609
3453
1402
6463
359
5668
4432
6507
4556
37
1897
4777
6726
5951
4613
2784
5449
5835
178
6642
2854
1623
3672
6992
2428
1747
2930
5681
3716
95
1668
4988
2463
3639
4490
2507
5566
5402
4658
3595
6609
133
1098
6355
2293
813
4304
6231
4260
977
3201
5396
1250
3365
1334
2010
4187
2174
788
424
7144
3082
858
5115
7020
540
5071
1989
4669
5433
102
6638
5557
1491
2536
1659
6594
3608
2452
381
2901
1776
4896
3727
1612
2865
2419
3643
5478
4622
3993
6673
5804
149
4746
5960
6717
571
7011
1186
5040
7175
415
869
5124
2145
5288
6083
2021
4099
3354
7292
1305
3230
1261
696
6200
946
4251
6364
4335
822
2083
4114
1288
6145
4070
6021
1040
3011
5186
1124
3175
880
2200
4397
598
2364
3292
5305
634
5261
7230
750
6536
4567
368
6452
4403
2594
5659
3462
2638
5989
1433
5491
3506
1557
2673
3429
1804
3855
1478
1960
4680
2717
3931
247
4950
6901
5776
4834
6419
323
5612
4448
3785
6865
6405
4828
6879
4454
3799
6561
4530
3551
1500
1818
3435
1464
3849
51
2740
1937
6686
3966
1853
2624
5995
3802
374
4863
1783
6832
2588
5645
4907
210
2890
5721
6956
4027
6076
4143
5319
628
6112
584
1173
3122
2378
1017
7180
3046
1138
2333
3169
6391
2257
5236
707
7267
5352
4108
1294
6159
7303
663
442
7122
6378
4329
5173
7046
526
5017
3180
2076
4085
3348
2112
1319
3267
1236
2159
5294
3303
1352
6333
409
7169
5138
875
4362
6257
4206
911
2391
3497
5500
5464
155
5818
2879
2405
4592
2561
2832
1645
6588
3614
5783
1721
2956
6890
3770
2686
4711
6740
5937
4675
1995
5853
6624
6266
920
4237
7158
438
6302
4353
5109
844
3332
2168
794
1363
3256
1207
2123
3379
1328
2047
6181
517
7077
5026
1084
6349
7113
473
5142
4318
89
4644
3589
6615
5862
4720
5906
6771
3891
2967
1710
3741
4994
1674
2803
283
3625
6496
2550
2848
2434
2798
5455
164
5829
1593
5531
221
4936
6967
3687
5710
4852
345
5674
6803
2615
4782
1862
3833
1906
2771
3957
1829
3404
5593
1455
6798
3878
3560
1531
6550
2496
4501
6434
4819
6848
4465
60
4139
5363
652
6168
5207
3390
7256
736
2266
1109
4295
3158
2302
982
1026
3077
1142
2349
5084
3113
5328
4172
6123
619
4016
2181
6047
3723
2579
2905
385
4892
1772
3647
1616
2861
6677
3997
5800
4626
5964
6713
4742
5518
106
5437
6758
1495
5553
4709
2532
6888
3768
1739
2456
6590
7296
1301
3350
1265
692
3234
942
3198
4255
6204
4331
826
6360
909
5044
2389
7015
575
1182
5120
411
7171
6087
2141
2025
2204
884
4393
7198
2360
630
3296
5301
754
7234
5265
6141
2087
4110
6025
4074
3015
5182
6389
1044
3171
1120
49
3851
2677
1800
3935
1518
3549
4684
1964
2713
4528
6905
5772
243
4954
6579
5616
6861
3781
4830
327
5739
4563
6532
208
2888
4407
2590
6456
1437
3466
1553
5495
2758
3502
3140
7086
1111
3024
1075
482
6014
3388
4045
6170
4121
7205
765
1392
5254
2199
601
5330
2351
6297
2235
33
195
1562
3533
2769
1406
3457
4436
6467
4552
5708
239
6503
78
6850
5627
316
2996
4801
5743
4519
6934
4965
6548
1685
272
3904
1529
5893
2722
3578
1955
6780
3860
1831
2646
2467
3759
4494
2503
1708
6769
3889
4738
5562
137
5406
3591
91
6722
5955
5529
4773
1893
5831
6646
4617
2780
6996
3676
2850
1627
5685
2548
3712
1743
2934
2014
4183
2170
3086
5111
7140
420
938
5075
544
7024
817
2297
4300
6351
4264
973
6235
6199
1254
3205
5392
1330
3361
3757
1706
2971
3633
2469
2815
295
4982
1662
5874
139
6603
4652
5408
6767
3887
5910
4736
6648
1585
172
5443
4619
5527
2546
6480
2422
6998
3678
1629
1375
782
3324
1211
3240
4221
936
6270
852
3088
4345
6314
5030
7061
501
819
5154
2299
465
7105
1092
2135
6197
2051
2270
2314
994
4283
7088
644
5375
720
7240
3386
5211
6135
4164
6051
2197
4000
3061
1030
3105
5092
6299
1154
3825
1408
3459
4794
1874
2603
3941
2767
1910
5706
6971
3691
4920
237
4438
6815
5662
353
4844
6469
4517
2480
6546
5629
4473
6422
318
2998
1443
5585
2648
3412
1527
3576
76
3134
1165
592
3050
7196
1001
6060
4031
6104
3298
4155
7271
711
5220
675
1282
5344
2089
2325
2241
6387
1516
3547
1472
3423
2679
4442
5618
329
6413
4526
6577
47
5653
4409
6824
4875
6458
1795
362
6940
5737
206
2886
4911
6690
3970
1921
2756
3814
1439
5983
2632
3468
1845
3649
4584
2413
1618
2577
5516
3481
143
6679
3999
4628
5472
5921
6756
4707
2690
6632
5845
108
5439
4663
1983
5795
2458
3602
1653
2824
6886
3766
2940
1737
2060
7298
2104
4093
828
5165
7134
454
3196
5001
530
7050
4374
863
6325
907
2387
4210
6241
1220
3271
6089
1344
3315
5282
25
6471
4420
6515
4938
6969
4544
3689
1908
3525
1574
3959
183
3441
1410
1943
2734
5885
3912
2650
1827
6796
3876
4817
2
300
2980
5631
6846
264
4973
1693
6922
2498
5755
4053
5209
738
7258
6002
4137
6166
1107
7090
3156
494
1063
3032
2268
6281
2347
1028
2223
3079
5242
4018
1384
6049
773
7213
5326
617
436
7156
5107
3090
7032
552
6268
4239
5063
4195
3258
2002
1209
2166
2049
5384
3213
1242
3377
1326
6347
4316
801
2281
6223
7079
519
5028
965
4272
5574
5908
3587
5410
121
2471
2969
2515
4482
87
1631
2846
6980
3660
2922
1755
6498
3704
5693
4765
1885
5943
6734
2796
4601
6650
5827
528
7048
6212
4243
5019
954
6376
830
4327
3346
1317
7280
3222
2078
684
1273
2157
6091
2033
3269
1238
1194
6259
563
7003
5052
4208
7167
407
5136
4630
5816
6661
3981
4754
3499
6705
5972
4884
1764
2913
393
3735
2877
1600
3651
2958
2524
6586
2440
5421
110
2688
5545
5939
1483
4942
255
5764
6913
331
4826
6877
3797
5600
1816
2661
3847
2705
4692
1972
3923
14
3470
1421
1939
3514
5483
1545
6688
3968
6524
4909
6958
4575
6440
2586
4411
5317
3280
626
4029
5273
7222
742
6078
1019
4385
3048
2212
892
2376
1052
2259
5194
3003
1136
3167
4106
2091
6157
5238
4062
6033
7269
709
5224
715
7275
5340
671
1286
2321
6383
2245
5188
1161
596
3130
7192
1005
4399
3054
4035
6064
4151
6100
1791
4871
366
5657
6820
2882
202
4915
6538
4569
6944
5733
3508
1925
2752
3974
1559
6694
2636
1841
3810
5987
43
2719
3543
1512
3427
1476
6417
4446
6573
249
5778
4522
4703
2694
5559
5925
6752
1987
4667
6636
5841
1657
2820
5791
3606
2944
1733
3762
6882
2538
4580
2417
1778
4898
2573
3729
5512
4748
3485
6719
5476
147
6321
4370
867
1188
6245
2383
903
4214
3275
1224
3311
5286
1340
2064
698
2100
4097
450
7130
5161
7054
534
3192
948
5005
5447
1581
176
1899
4779
5523
6728
1749
6484
3718
2542
2426
1702
2975
2509
3753
291
2811
1666
4986
3637
4656
5870
6607
5568
4732
3883
6763
5914
505
7065
979
5034
7101
461
1096
5150
2131
2055
5398
6193
3320
1371
786
4189
3244
1215
6274
4225
932
6310
856
4341
4160
6131
2193
4004
1398
6055
1034
3065
1150
3101
5096
488
2274
990
2310
4287
5371
640
3382
5215
7244
724
72
278
6542
4513
2484
5749
6426
4477
5581
3416
1447
3572
2728
5899
1523
39
1870
4790
2607
3821
2763
3539
1914
3945
1568
4924
6509
233
5702
4558
3695
6975
357
4840
6811
5666
6095
1358
3309
2153
2037
5056
1190
7007
567
4368
5132
403
7163
6339
4247
950
6216
5179
834
4323
6372
448
7128
1313
7284
2118
3342
680
1277
3226
2520
5789
2444
6582
2838
114
5859
5425
1487
5541
5812
3985
6665
4634
6701
5976
4750
3731
1760
4880
397
2917
3655
4598
2873
1604
1425
3808
1859
3474
1541
3510
5487
4571
6520
2582
6838
4415
6444
1789
4869
10
5760
6917
4946
251
3793
6873
5604
335
4822
3843
1812
2665
3927
2701
1976
4696
5190
3007
1056
3163
2339
1132
669
6153
4102
5358
2095
6037
4066
6118
622
5313
3284
4149
746
7226
5277
4381
896
2216
2372
3128
1179
5881
3916
1947
2730
3872
6792
5599
2654
1823
5635
6842
4813
2984
304
6
6926
5751
260
1697
4977
6809
4424
6475
4858
4540
6511
1570
187
3521
1414
3839
1868
3445
4788
21
3119
2343
6285
1148
2227
1380
7217
777
5246
613
6129
4178
5322
6006
4057
6162
658
5369
4133
988
2308
3152
1103
7094
3036
490
1067
1246
5380
3217
1322
3373
2129
4312
5148
2285
805
7119
479
6343
961
4276
6227
5103
3094
4359
6308
7152
432
5067
556
7036
4191
2006
1369
2162
3338
3664
6984
1635
2842
3700
5697
2926
1751
5947
6730
1881
4761
6654
1599
5823
2792
4605
83
5570
125
5868
3583
5414
2475
289
2809
2511
4486
1020
3071
6289
1144
5082
3115
4174
6125
4010
2187
6041
5365
654
5201
3396
7250
730
2260
7098
4293
984
2304
66
3402
5595
2658
1453
3566
1537
6556
2490
4507
2988
308
6432
4463
5639
227
4930
3681
6961
5716
6479
4854
343
5672
6805
4428
2613
1864
3449
4784
1418
3835
1900
2777
3951
6490
2556
1639
3668
6988
2432
4609
5453
162
6658
1595
5537
5418
4642
6613
129
5864
4726
5900
3897
6777
2961
1716
3747
1672
4992
285
2805
2479
3623
2125
2041
6187
511
7071
5020
1082
7115
475
5144
2289
809
6260
926
4231
6304
3098
4355
842
3334
792
1365
3250
1201
2834
1643
3612
5785
2448
1727
2950
3776
6896
2680
4717
6746
5931
1993
4673
5429
118
5855
6622
3491
5506
5462
4638
3989
6669
153
1608
2403
3659
4594
2567
3261
1230
5292
3305
6099
1354
6335
873
4364
6251
4200
2397
917
444
7124
5175
838
7040
520
5011
3186
2070
4083
2114
7288
2335
6397
2251
5230
701
7261
5354
2099
1292
7305
665
4021
6070
3288
4145
6114
582
1175
3124
1011
7186
3040
2746
1931
3960
6680
1855
3478
2622
5993
1429
3804
372
6448
1785
4865
6834
4419
5643
4901
2896
216
5727
6950
57
6403
339
5608
4452
6567
4536
3557
1506
2669
3433
1462
2291
811
4306
6357
4262
975
5038
509
7069
6233
1252
3203
2059
5394
1336
3367
1219
2012
4185
3248
2176
3080
5117
7146
426
5073
4229
6278
542
7022
6724
5953
1895
4775
5837
6640
4611
2786
3670
6990
2856
1621
5683
3714
1745
6488
2932
97
2461
4492
2505
2979
5918
5564
131
5400
3597
6856
5621
2990
310
4807
2488
5745
6932
1683
4963
274
3902
5895
2724
1953
3866
6786
1837
2640
193
3949
1564
3535
1918
1400
3451
4430
6461
4554
3699
6979
4928
6505
35
7203
763
1394
6059
4008
5252
607
5336
2357
6291
3069
2233
1038
3146
7080
1117
2278
3022
1073
484
6012
7248
728
5219
4043
6176
4127
4565
6948
4919
6534
4401
2596
6450
1431
3460
3978
1555
6698
5493
3504
1929
3857
2671
1806
3933
1962
4682
2715
6903
5774
245
4952
5610
3787
6867
4836
321
6147
2081
4116
719
7279
6023
4072
5228
3013
2249
5184
1042
3177
1126
882
2202
4395
3058
1009
2366
636
3290
5307
6068
752
7232
5263
4039
4218
5042
7013
573
1184
6249
5126
417
7177
6081
2147
1228
3279
2023
7290
1307
3356
1263
694
2068
3232
944
5009
4253
6202
7058
538
4337
820
6366
100
5431
1493
5929
2698
5555
2534
2948
2450
6596
3725
383
2903
1774
4894
3641
1610
2867
3991
6671
5806
4620
5962
6715
4744
3489
6709
4758
3495
5502
157
5466
2407
4590
3739
2563
4888
1768
3616
5781
2830
1647
2528
6892
3772
1723
2954
6742
5935
2684
5549
4713
5851
6626
4677
1997
5171
7120
440
5015
958
3182
524
7044
688
2074
4087
2110
1234
3265
1350
5296
3301
877
4360
6331
4204
913
2393
1198
6255
6074
4025
6110
4141
3120
586
1171
4389
3044
1015
7182
2331
2255
5198
6393
7265
705
5234
1296
661
7301
5350
4456
6407
4532
5768
259
6563
1502
3553
2709
1466
3437
53
1549
6684
3964
2742
1935
3518
5997
3800
1851
2626
6830
5647
376
4861
1781
5723
6954
4579
6528
4905
212
2892
18
650
5361
734
7254
5205
3392
2264
498
4297
2300
980
3075
1024
5086
3111
1140
6121
4170
1388
6045
4014
2183
6965
4548
3685
5712
223
6519
4934
5676
6801
4850
347
3831
2617
4780
1860
1578
3955
1904
3529
2773
29
1457
3406
5591
1533
5889
2738
3562
2494
5759
4503
6552
268
4467
6436
62
6617
5860
4646
5904
6773
3893
4722
5578
3743
2519
2965
1712
3627
4996
1676
2801
281
2552
3708
1759
6494
2436
166
1591
5457
6738
5533
4769
1889
922
4235
6264
4351
846
6300
796
1361
3330
1205
4199
3254
2121
6183
2045
5388
5024
969
7075
515
5140
1086
471
7111
2675
1802
3853
4686
1966
2711
3937
241
4956
6907
5770
4832
325
5614
6863
3783
6530
4561
4879
6454
1799
4405
6828
2592
3464
1849
3818
1435
5497
3500
1551
2206
886
4391
1169
3138
2362
3294
4159
5303
632
6108
5267
7236
756
5348
2085
4112
6143
679
4076
6027
1046
3017
5180
1122
2329
3173
3352
2108
7294
1303
3236
1267
690
6206
940
4257
7138
458
6362
4333
824
5169
577
7017
1180
5046
6329
7173
413
5122
4378
2143
3319
6085
1348
2027
2907
387
4890
1770
3721
1614
2863
3645
4588
4624
6675
3995
5802
4740
5966
6711
5435
5849
104
5551
1497
2530
2828
6592
5799
2454
2016
4181
3328
2172
1379
422
7142
6318
3084
4349
5113
7026
546
5077
6353
469
7109
815
5158
2295
4302
6237
4266
971
3207
5390
1256
2139
3363
1332
2819
299
2465
4496
2501
5560
5404
3593
5878
135
93
4771
1891
6720
5957
4615
2782
5833
6644
1589
2852
1625
6994
3674
1741
2936
5687
3710
31
3531
197
1560
3455
4798
1878
3829
1404
4848
6465
4434
6819
6501
4550
314
2994
4803
6852
5625
4967
1687
270
5741
6936
2720
1957
3906
5891
1833
5589
2644
6782
3862
7084
1113
3142
2318
998
1077
480
3026
4047
6016
4123
5379
648
6172
5256
767
7207
1390
5332
4168
6139
603
6295
1158
2353
3109
2237
4931
226
5717
3680
6960
342
6478
4855
6804
4429
5673
1865
4785
3448
2612
1419
3834
2776
1901
3950
67
2659
5594
3403
1452
3567
1536
6557
4506
2491
6433
2989
309
5638
4462
5364
655
3397
5200
7251
731
2261
7099
985
2305
4292
1021
3070
1145
6288
3114
5083
4175
6124
2186
4011
6040
6261
4230
927
6305
843
4354
3099
3335
1364
793
3251
1200
2124
2040
6186
510
7070
5021
7114
474
1083
2288
5145
808
4643
5419
128
5865
6612
4727
3896
6776
5901
1717
2960
3746
284
2804
1673
4993
3622
2478
6491
2557
1638
2433
3669
6989
5452
4608
1594
6659
163
5536
445
7125
5174
839
7041
521
3187
5010
2071
2115
4082
7289
3260
1231
3304
5293
1355
6098
6334
4365
872
6250
2396
916
4201
5507
3490
4639
5463
152
3988
6668
1609
4595
3658
2402
2566
1642
2835
2449
5784
3613
2951
1726
3777
6897
4716
2681
5930
6747
5428
1992
4672
6623
119
5854
56
338
6402
4453
5609
6566
4537
3556
1507
3432
2668
1463
1930
2747
3961
6681
2623
1854
3479
1428
3805
5992
1784
6449
4864
373
5642
6835
4418
2897
217
4900
6951
5726
4020
6071
4144
3289
6115
1174
583
3125
7187
1010
3041
2334
6396
2250
5231
700
7260
2098
5355
7304
664
1293
96
2460
2504
4493
2978
5919
5565
130
3596
5401
5952
6725
1894
4774
6641
5836
2787
4610
3671
6991
1620
2857
3715
5682
2933
6489
1744
1218
3249
4184
2013
2177
5116
3081
7147
427
4228
5072
543
7023
6279
4307
2290
810
6356
974
5039
4263
6232
508
7068
1253
5395
2058
3202
1337
3366
3147
1116
7081
3023
2279
485
1072
7249
729
6013
4042
5218
6177
4126
6058
1395
7202
762
5253
4009
606
5337
2356
6290
2232
3068
1039
3948
1565
192
3534
1919
1401
3450
4431
6460
3698
4555
6978
4929
6504
34
5620
6857
4806
2991
311
6933
5744
2489
275
1682
4962
5894
3903
1952
2725
3867
6787
2641
1836
3059
4394
883
2203
1008
2367
637
5306
3291
753
7233
6069
4038
5262
6146
4117
2080
6022
718
7278
5229
4073
5185
2248
3012
1043
3176
1127
3856
1807
2670
3932
2714
1963
4683
5775
6902
4953
244
3786
6866
5611
320
4837
4564
6949
4918
6535
2597
4400
6451
1430
3461
3979
6699
1554
3505
1928
5492
3724
1775
4895
382
2902
3640
2866
1611
5807
3990
6670
4621
6714
5963
3488
4745
101
5430
5928
1492
5554
2699
2535
2949
2451
6597
1306
7291
3357
695
1262
3233
2069
4252
945
5008
7059
539
6203
821
4336
6367
5043
4219
6248
1185
7012
572
5127
416
7176
6080
2146
1229
2022
3278
1235
3264
1351
3300
5297
4361
876
6330
912
2392
4205
6254
1199
5170
7121
441
3183
5014
959
525
7045
689
2075
2111
4086
5780
3617
1646
2831
6893
3773
2529
2955
1722
5934
6743
4712
5548
2685
6627
5850
4676
1996
6708
5503
3494
4759
156
5467
4591
2406
2562
3738
4889
1769
6685
1548
3965
1934
3519
2743
3801
5996
2627
1850
5646
6831
4860
1780
377
6955
4578
5722
213
2893
6529
4904
19
4457
6406
5769
4533
6562
258
1503
2708
3552
1467
3436
52
2330
5199
2254
6392
7264
704
5235
660
7300
1297
5351
6075
4024
6111
4140
3121
1170
587
3045
4388
7183
1014
1456
5590
3407
5888
1532
3563
2739
4502
5758
2495
269
6553
4466
6437
63
5713
6964
3684
4549
6518
4935
222
6800
5677
346
4851
3830
4781
1861
2616
1579
3954
2772
1905
3528
28
3074
1025
3110
5087
1141
6120
4171
6044
1389
2182
4015
651
5360
735
7255
3393
5204
2265
499
2301
981
4296
2120
6182
5389
2044
5025
968
7074
514
5141
470
7110
1087
4234
923
6265
847
4350
6301
1360
797
3331
1204
3255
4198
3709
2553
6495
1758
2437
1590
167
5456
6739
4768
1888
5532
5861
6616
4647
6772
3892
5905
5579
4723
2518
3742
1713
2964
3626
2800
280
4997
1677
4113
2084
5349
678
6142
4077
6026
1047
5181
3016
1123
3172
2328
4390
2207
887
1168
2363
3139
5302
4158
3295
6109
633
5266
7237
757
6531
4560
4878
1798
6455
2593
4404
6829
3465
1848
3819
1434
3501
5496
1550
1803
2674
3852
2710
4687
1967
3936
4957
240
5771
6906
324
4833
6862
3782
5615
5434
5848
105
5550
1496
2531
6593
2829
2455
5798
4891
1771
2906
386
3720
2862
1615
4589
3644
4625
5803
6674
3994
4741
6710
5967
1181
576
7016
5047
7172
412
6328
4379
5123
3318
2142
1349
6084
2026
2109
3353
1302
7295
3237
691
1266
6207
4256
941
6363
7139
459
825
5168
4332
4770
1890
5956
6721
2783
4614
1588
6645
5832
1624
2853
6995
3675
2937
1740
3711
5686
2818
298
2464
2500
4497
5561
3592
5405
5879
134
92
468
7108
6352
4303
814
2294
5159
6236
970
4267
5391
3206
1257
3362
2138
1333
4180
2017
2173
3329
1378
6319
423
7143
5112
4348
3085
7027
547
5076
5257
1391
766
7206
4169
5333
602
6138
1159
6294
3108
2352
2236
1112
7085
2319
999
3143
481
1076
3027
4046
6017
5378
4122
6173
649
4802
315
2995
5624
6853
271
4966
1686
6937
5740
1956
2721
5890
3907
2645
5588
1832
6783
3863
30
3530
1561
196
4799
3454
1879
3828
1405
4849
6464
4435
6818
6500
4551
5031
7060
500
818
2298
5155
1093
464
7104
2134
6196
2050
783
1374
3325
1210
3241
937
4220
6271
4344
3089
853
6315
173
1584
6649
4618
5442
5526
2547
6481
6999
3679
2423
1628
3756
2970
1707
2468
3632
4983
1663
2814
294
6602
5875
138
5409
4653
5911
6766
3886
4737
2481
4516
6547
4472
5628
319
2999
6423
1442
3413
2649
5584
1526
3577
77
3824
1409
2602
4795
3458
1875
3940
1911
2766
6970
3690
5707
236
4921
5663
4439
6814
4845
6468
352
6134
4165
6050
4001
2196
3060
1031
5093
3104
1155
6298
2271
4282
2315
995
7089
645
5374
721
7241
5210
3387
4408
6825
5652
363
4874
1794
6459
5736
6941
4910
207
2887
6691
3971
2757
1920
5982
3815
1438
3469
1844
2633
1517
3546
1473
2678
3422
5619
4443
6412
328
4527
6576
46
7270
710
5221
1283
674
2088
5345
2324
2240
6386
3135
593
1164
3051
1000
7197
6061
4030
6105
4154
3299
862
4375
6324
4211
906
2386
6240
1221
3270
1345
6088
5283
3314
2061
7299
4092
2105
829
5164
7135
455
5000
3197
531
7051
6757
5920
2691
4706
5844
109
6633
4662
1982
5438
3603
2459
5794
2825
1652
6887
3767
1736
2941
2412
4585
3648
1619
2576
3480
5517
6678
3998
142
5473
4629
6280
2346
1029
3078
2222
4019
5243
772
7212
6048
1385
5327
616
5208
4052
6003
739
7259
4136
6167
7091
1106
3157
1062
495
2269
3033
2735
1942
3913
5884
1826
2651
6797
3877
3
301
2981
4816
6847
5630
4972
1692
265
5754
2499
6923
24
6470
4421
6514
4939
6968
3688
4545
1909
3524
182
1575
3958
3440
1411
2847
1630
6981
3661
6499
1754
2923
5692
3705
4764
1884
6735
5942
4600
2797
5826
6651
5575
5909
5411
3586
120
2470
2968
4483
2514
86
3212
5385
2048
1243
3376
1327
6346
800
2280
4317
7078
518
6222
4273
5029
964
437
7157
3091
5106
6269
7033
553
5062
4238
2003
3259
4194
1208
2167
2959
2525
6587
2441
5420
111
5544
2689
1482
5938
4631
6660
3980
5817
3498
4755
5973
6704
2912
392
4885
1765
3734
1601
2876
3650
2156
6090
3268
2032
1239
562
7002
6258
1195
4209
5053
7166
406
5137
6213
529
7049
5018
955
4242
6377
4326
831
3347
7281
1316
2079
3223
1272
685
1053
3002
5195
2258
1137
3166
2090
4107
6156
4063
5239
7268
708
6032
3281
5316
627
5272
4028
6079
7223
743
1018
2213
893
3049
4384
2377
15
3471
1420
5482
1938
3515
6689
1544
3969
6525
4908
6959
4574
6441
4410
2587
254
4943
6912
5765
4827
330
5601
6876
3796
2660
1817
3846
4693
1973
2704
3922
42
3542
2718
1513
3426
1477
6416
4447
248
6572
4523
5779
367
1790
4870
6821
5656
4914
6539
2883
203
5732
4568
6945
2753
3509
1924
3975
6695
1558
1840
2637
5986
3811
597
1160
3131
1004
7193
3055
4398
4034
6065
4150
6101
5225
714
7274
5341
1287
670
2320
6382
5189
2244
2065
699
4096
2101
451
7131
5160
7055
535
949
5004
3193
6320
866
4371
6244
1189
4215
2382
902
3274
1225
5287
3310
1341
2416
4581
1779
4899
3728
2572
3484
4749
5513
6718
5477
146
5558
2695
4702
6753
5924
1986
4666
5840
6637
2821
1656
3607
5790
1732
2945
2539
3763
6883
3321
787
1370
3245
4188
1214
6275
933
4224
6311
4340
857
504
7064
978
5035
1097
7100
460
5151
2130
5399
2054
6192
2974
1703
3752
2508
1667
4987
290
2810
3636
4657
6606
5871
4733
5569
5915
3882
6762
5446
177
1580
5522
1898
4778
6729
6485
1748
2543
3719
2427
38
2606
1871
4791
3820
3538
1915
2762
3944
1569
232
4925
6508
3694
4559
6974
5703
4841
356
5667
6810
73
6543
279
5748
2485
4512
6427
4476
3417
5580
1446
2729
3573
1522
5898
489
2275
4286
991
2311
5370
641
5214
3383
7245
725
4161
6130
4005
2192
6054
1399
1035
3064
1151
5097
3100
3984
6664
5813
4635
5977
6700
4751
3730
396
2916
1761
4881
4599
3654
1605
2872
2521
2445
5788
2839
6583
115
5858
5424
1486
5540
951
4246
6217
4322
5178
835
449
7129
6373
7285
1312
3343
2119
1276
681
3227
1359
6094
2152
3308
2036
5057
7006
566
1191
5133
4369
6338
402
7162
623
6119
4148
3285
5312
747
7227
5276
897
2217
4380
3129
2373
1178
3006
5191
1057
2338
3162
1133
6152
668
2094
5359
4103
6036
4067
6916
5761
250
4947
5605
3792
6872
4823
334
3842
2664
1813
3926
1977
4697
2700
1424
3809
1858
3475
1540
5486
3511
4570
6521
6839
4414
2583
1788
6445
4868
11
6007
4056
659
6163
4132
5368
3153
989
2309
7095
1102
3037
1066
491
2342
3118
1149
6284
2226
7216
776
1381
5247
6128
612
5323
4179
6808
4425
6474
4859
4541
6510
186
1571
3520
1415
3838
1869
4789
3444
20
3917
5880
2731
1946
3873
6793
1822
2655
5598
6843
5634
2985
305
7
4812
5750
6927
1696
4976
261
82
5571
124
5869
5415
3582
2474
288
2808
4487
2510
3665
6985
2843
1634
5696
3701
1750
2927
6731
5946
1880
4760
5822
1598
6655
4604
2793
4358
3095
5102
7153
433
6309
5066
557
7037
2007
4190
1368
3339
2163
1247
3216
5381
1323
2128
3372
2284
5149
804
4313
6342
7118
478
4277
960
6226
